image_width: 640
image_height: 480
camera_name: imx500
camera_matrix:
  rows: 3
  cols: 3
  data: [491.68699205674886, 0.0, 318.85308605249935, 0.0, 491.1547085259808, 238.09690248033397, 0.0, 0.0, 1.0]
distortion_model: plumb_bob
distortion_coefficients:
  rows: 1
  cols: 5
  data: [-0.023674190952804375, 0.388169616415716, -0.0011307207092670576, 2.0860406185299083e-05, -0.817361398172773]
rectification_matrix:
  rows: 3
  cols: 3
  data: [1.0, 0.0, 0.0, 0.0, 1.0, 0.0, 0.0, 0.0, 1.0]
projection_matrix:
  rows: 3
  cols: 4
  data: [491.68699205674886, 0.0, 318.85308605249935, 0.0, 0.0, 491.1547085259808, 238.09690248033397, 0.0, 0.0, 0.0, 1.0, 0.0]
